30
0 1 1.97
0 2 1.45
0 3 2.95
0 4 22.79
0 5 10.50
0 6 15.50
0 7 14.46
0 8 24.73
0 9 23.53
0 10 27.84
0 11 11.74
0 12 18.44
0 13 10.60
0 14 14.37
0 15 20.11
0 16 10.53
0 17 13.98
0 18 23.00
0 19 20.90
0 20 14.41
0 21 21.79
0 22 26.19
0 23 10.13
0 24 26.12
0 25 23.96
0 26 16.81
0 27 13.11
0 28 29.14
0 29 16.73
1 2 11.85
1 3 11.93
1 4 1.22
1 5 2.61
1 6 26.95
1 7 22.07
1 8 26.14
1 9 24.59
1 10 20.72
1 11 29.46
1 12 17.57
1 13 21.04
1 14 26.59
1 15 22.37
1 16 27.23
1 17 21.55
1 18 24.09
1 19 10.92
1 20 14.56
1 21 15.79
1 22 11.60
1 23 14.66
1 24 12.02
1 25 15.56
1 26 22.71
1 27 17.30
1 28 17.40
1 29 14.19
2 3 15.34
2 4 28.73
2 5 22.96
2 6 2.10
2 7 1.17
2 8 22.18
2 9 13.42
2 10 24.58
2 11 13.27
2 12 17.59
2 13 29.79
2 14 22.80
2 15 21.14
2 16 23.69
2 17 26.86
2 18 25.52
2 19 14.58
2 20 10.64
2 21 16.31
2 22 15.35
2 23 14.22
2 24 28.86
2 25 27.53
2 26 16.29
2 27 23.11
2 28 17.91
2 29 28.29
3 4 19.18
3 5 15.30
3 6 14.93
3 7 21.23
3 8 2.52
3 9 1.11
3 10 15.25
3 11 21.69
3 12 27.96
3 13 17.99
3 14 14.39
3 15 29.95
3 16 20.19
3 17 11.82
3 18 10.94
3 19 12.19
3 20 22.55
3 21 25.84
3 22 18.44
3 23 11.27
3 24 17.63
3 25 29.92
3 26 20.58
3 27 29.42
3 28 27.22
3 29 10.23
4 5 24.41
4 6 23.63
4 7 20.74
4 8 15.34
4 9 22.82
4 10 2.30
4 11 1.21
4 12 12.23
4 13 18.70
4 14 19.07
4 15 29.08
4 16 27.52
4 17 15.27
4 18 20.01
4 19 13.57
4 20 28.25
4 21 27.41
4 22 15.97
4 23 22.78
4 24 22.18
4 25 13.06
4 26 25.25
5 12 1.27
5 13 2.27
6 14 3.48
6 15 1.37
7 16 1.67
7 17 2.88
8 18 3.84
8 19 2.73
9 20 2.19
9 21 3.93
10 22 1.14
11 23 3.58
13 24 1.87
14 25 1.43
16 26 1.35
18 27 1.93
19 28 3.45
21 29 1.54